product_id:review_sent:star_rating:review_body_agg:review_sent_rating
B000KIV23Q:[0.6511]:[5]:[[work, connecting, subwoofer, hook, system, wire, expose]]:[[work connecting subwoofer hook system wire expose, 0.6511, 5]]
B0013CD47U:[0.9811]:[4]:[[speaker, one, car, know, buy, want, plain, mids, go, door, high, mount, bit, metal, strap, support, corner, fasten, corner, leave, side, fasten, speaker, cheap, one, sound, buy, heck, think, buying, set, truck, blown, magnets, speaker, fyi, fit]]:[[speaker one car know buy want plain mids go door high mount bit metal strap support corner fasten corner leave side fasten speaker cheap one sound buy heck think buying set truck blown magnets speaker fyi fit, 0.9811, 4]]
B001AV5ZHG:[0.6249]:[5]:[[let, ajuste, bass, awesome]]:[[let ajuste bass awesome, 0.6249, 5]]
B001NK55HY:[0.7351]:[5]:[[perfect, conditionbr, thank]]:[[perfect conditionbr thank, 0.7351, 5]]
B002Z6BGOQ:[-0.34]:[1]:[[replacement, current, remote, alarm, setdoor, opener, return]]:[[replacement current remote alarm setdoor opener return, -0.34, 1]]
B003D3NEK4:[0.8074]:[4]:[[fit, happy]]:[[fit happy, 0.8074, 4]]
B003JTHO58:[-0.4215]:[2]:[[fell, apart, part, waste, time]]:[[fell apart part waste time, -0.4215, 2]]
B003VS8LQ8:[0.6808, 0.5719, 0.5719]:[5, 5, 5]:[[excellent, option], [perfect, describe], [buy, bag, im, use, pro, gear, crushing, headset, bag, make, perfect, carrying, headset, clip, backpack, carabiner, fit, need]]:[[excellent option, 0.6808, 5], [perfect describe, 0.5719, 5], [buy bag im use pro gear crushing headset bag make perfect carrying headset clip backpack carabiner fit need, 0.5719, 5]]
B003YJ85S8:[0.5719]:[5]:[[item, describe, perfect]]:[[item describe perfect, 0.5719, 5]]
B004PVPUGE:[0.0, 0.6249, -0.4449]:[5, 5, 3]:[[fit, great], [didnt, fit, well], [work, expect]]:[[fit great, 0.0, 5], [didnt fit well, 0.6249, 5], [work expect, -0.4449, 3]]
B005CG2AX2:[0.7964]:[5]:[[wow, ive, dec, go, serf, purpose]]:[[wow ive dec go serf purpose, 0.7964, 5]]
B005EJFXE0:[0.872]:[5]:[[fit, good, look, protect, phone, access, button]]:[[fit good look protect phone access button, 0.872, 5]]
B006EC5X6O:[0.6369, 0.0, -0.6602]:[5, 5, 3]:[[screen, saver, samsung, ii, phone, price, find], [fit, great]]:[[screen saver samsung ii phone price find, 0.6369, 5], [fit great, 0.0, 5], [, -0.6602, 3]]
B006IX7BBO:[0.8984]:[5]:[[product, come, time, week, case, good, quality, cheap, love, come, get, gift]]:[[product come time week case good quality cheap love come get gift, 0.8984, 5]]
B006OSRZA0:[0.6249]:[5]:[[case]]:[[case, 0.6249, 5]]
B007038MKA:[0.4651]:[1]:[[need, put, screen, saver, use, soapy, water, sqeegee, excess, water, underneath, plastic, make, thats, direction, supply, manufacturer, instrument, im, suppose, put, water, card, unit, cost, id, try, replacement, screen, saver, make, put, dry, try, youre, skilled, live, youre, better, luck, dont, recommend, spend, money, know, screen, saver, list, unit, screen, clean, stylus, seem, option]]:[[need put screen saver use soapy water sqeegee excess water underneath plastic make thats direction supply manufacturer instrument im suppose put water card unit cost id try replacement screen saver make put dry try youre skilled live youre better luck dont recommend spend money know screen saver list unit screen clean stylus seem option, 0.4651, 1]]
B007B5ZL6K:[0.0]:[5]:[[purchaseseverything, advertise]]:[[purchaseseverything advertise, 0.0, 5]]
B007L97AN8:[0.6369]:[5]:[[work]]:[[work, 0.6369, 5]]
B008ANVZEO:[-0.6908]:[2]:[[charger, brings, business]]:[[charger brings business, -0.6908, 2]]
B008HXV664:[0.5777, 0.6369, 0.8294, 0.6937, 0.3933, 0.3145, 0.6335, 0.685, -0.296, 0.743, 0.4588, 0.765, 0.9331, 0.6369, 0.8074, 0.6246, 0.7133, 0.3566, 0.6249, 0.2716, -0.0772, 0.5413, 0.6478]:[5, 5, 5, 5, 5, 5, 5, 5, 5, 5, 5, 5, 5, 5, 5, 5, 5, 5, 5, 5, 5, 5, 5]:[[dog, year, slow, bit, put, collar, energy], [cell, phone, longer, get, use, extend, period, time, neat], [work, great], [feel, difference, start, use, fusion, excel, shield], [use, product, longer, headaches, feel, well], [heard, bugger, try, work, recommend, friend], [glad, find, product, read, article, cell, phone, emit, radiation, health, effect, feel, well, use, product], [register, product, fusionexcelintlcom, work], [cost, product, work, advertise, buy], [purchase, cell, phone, purchase, protect, family, radiation, emit, microwave, test, confirm, work, block, radiation], [product, recommend], [sleep, well, use, devise, wake, refresh, take, day], [cell, phone, need, product, use, product, year, continue, purchase, friend, family], [take, second, install, cell, phone, easy], [emf, emr, blocker, find], [concern, radiation, emf, emr, time, product, block, radiation], [product, need, cell, phone, user], [thank, block, radiation, affect, family, health, happy, find, product], [feel, well, start, use, product, energy, spirit, feel, well], [everyone, need, product, recommend, product, cell, phone], [work, energy, fatigue, use, product, buy, electronics, work, home], [try, test, post, youtube, strength, flexibility, balance, work], [bit, worry, get, product, fusion, excel, register, company, website]]:[[dog year slow bit put collar energy, 0.5777, 5], [cell phone longer get use extend period time neat, 0.6369, 5], [work great, 0.8294, 5], [feel difference start use fusion excel shield, 0.6937, 5], [use product longer headaches feel well, 0.3933, 5], [heard bugger try work recommend friend, 0.3145, 5], [glad find product read article cell phone emit radiation health effect feel well use product, 0.6335, 5], [register product fusionexcelintlcom work, 0.685, 5], [cost product work advertise buy, -0.296, 5], [purchase cell phone purchase protect family radiation emit microwave test confirm work block radiation, 0.743, 5], [product recommend, 0.4588, 5], [sleep well use devise wake refresh take day, 0.765, 5], [cell phone need product use product year continue purchase friend family, 0.9331, 5], [take second install cell phone easy, 0.6369, 5], [emf emr blocker find, 0.8074, 5], [concern radiation emf emr time product block radiation, 0.6246, 5], [product need cell phone user, 0.7133, 5], [thank block radiation affect family health happy find product, 0.3566, 5], [feel well start use product energy spirit feel well, 0.6249, 5], [everyone need product recommend product cell phone, 0.2716, 5], [work energy fatigue use product buy electronics work home, -0.0772, 5], [try test post youtube strength flexibility balance work, 0.5413, 5], [bit worry get product fusion excel register company website, 0.6478, 5]]
B008OIXQO2:[-0.5994]:[1]:[[broke, drop]]:[[broke drop, -0.5994, 1]]
B008VIQZI4:[-0.4767]:[4]:[[bead, fall, glue, work]]:[[bead fall glue work, -0.4767, 4]]
B008W7A4MM:[0.2263]:[4]:[[replacement, cheap, provide, think, phone, damage, burnt, factory, doubt, battery, resolve]]:[[replacement cheap provide think phone damage burnt factory doubt battery resolve, 0.2263, 4]]
B008YFT76Q:[0.7783]:[5]:[[bulky, love, stand, durability]]:[[bulky love stand durability, 0.7783, 5]]
B0094JCZ5G:[0.4404, 0.0, 0.7574]:[5, 1, 5]:[[work, phone], [quick, delivery, good, product], [perfect, size, pocket, purse]]:[[work phone, 0.4404, 5], [quick delivery good product, 0.0, 1], [perfect size pocket purse, 0.7574, 5]]
B009AJFUOI:[0.6249, 0.9606]:[5, 5]:[[case], [excellent, case, quality, say, surprise, make, consider, cheap, feel, nice, itll, fall, apart, protect, ipod, drop, bash, time, buy, brand]]:[[case, 0.6249, 5], [excellent case quality say surprise make consider cheap feel nice itll fall apart protect ipod drop bash time buy brand, 0.9606, 5]]
B009LLNQ6Y:[0.4404]:[5]:[[price]]:[[price, 0.4404, 5]]
B009M5L65C:[0.5859]:[5]:[[amaze, protection, price]]:[[amaze protection price, 0.5859, 5]]
B009YDPM2K:[0.9477]:[5]:[[arm, band, make, quality, material, worth, spend, honest, cheapest, quality, market]]:[[arm band make quality material worth spend honest cheapest quality market, 0.9477, 5]]
B00AZP0R5I:[0.296, 0.8555]:[5, 5]:[[use, type, love, try, listen, music, phone], [ok]]:[[use type love try listen music phone, 0.296, 5], [ok, 0.8555, 5]]
B00B0O1CES:[0.6361]:[5]:[[buy, he, use, day, hold, course, like]]:[[buy he use day hold course like, 0.6361, 5]]
B00B2RO650:[-0.714]:[2]:[[fit, piece, br, fail, prevent, damage, phone, accidental, drop, case, seidio]]:[[fit piece br fail prevent damage phone accidental drop case seidio, -0.714, 2]]
B00B9DDMFC:[0.296]:[3]:[[ok, charge, ]]:[[ok charge , 0.296, 3]]
B00BPWUIK4:[0.5719, -0.2617]:[5, 2]:[[excellent, product, fast, ship], [come, break, wrap, screen, wouldnt, work, slide, mode, get, refund, want, work, phone]]:[[excellent product fast ship, 0.5719, 5], [come break wrap screen wouldnt work slide mode get refund want work phone, -0.2617, 2]]
B00CEURAWA:[-0.4215, 0.8276, 0.7579, 0.6249, -0.8244, 0.8683, 0.8876, 0.34, 0.4019, 0.969, 0.6369]:[1, 5, 5, 5, 4, 5, 4, 5, 5, 5, 5]:[[tip, great, time], [tip, hold, abuse, give, longest, others, ive, try, plus, swede, place, shop, concern, customer, service, chance, problem, jump, right, resolve, want, product, service, price, boot, thanks, swede], [time, average, use, sure, beat, buy, pen, time, love], [product, well, part, keep, buy, stylus, ship, time, thank], [need, daughter, us, stylys, ipad, replace, tip, stylus, hold], [tip, work, im, stylus, tip, end, tear, pull, triple, duty, im, c, quadriplegic, us, stylus, smartphone, im, sure, swipe, doesnt, help, life, tip, im, use, type, review, im, sure, take, toll, tip, least, get, use, move, thing, desk, door, cause, tip, rub, whole, lot, morebr, go, tip, come, stylus, purchase, pack, replacement, get, year], [use, stylus, pen, tablet, smart, phonenice, find, replacement, tip], [user, friendlyhave, order, time, im, give], [product, use, ipad, air, prefer, stylus, dont, muck, screen, finger, oil, go, stylus, replace, tip, stylus, tip, bit, smaller, stylus, precise, opinion, tell, family, member, mother, place, order], [idea, replacement, tip, stylus, play, angry, bird, ipad, month, rubber, tip, tear, thats, end, seem, waste, le, waste, reservation, rubber, tip, metal, portion, closer, afraid, metal, portion, scratch, screen, stylus, week, problem], [waste, moneytips, dont, register, screen, tap]]:[[tip great time, -0.4215, 1], [tip hold abuse give longest others ive try plus swede place shop concern customer service chance problem jump right resolve want product service price boot thanks swede, 0.8276, 5], [time average use sure beat buy pen time love, 0.7579, 5], [product well part keep buy stylus ship time thank, 0.6249, 5], [need daughter us stylys ipad replace tip stylus hold, -0.8244, 4], [tip work im stylus tip end tear pull triple duty im c quadriplegic us stylus smartphone im sure swipe doesnt help life tip im use type review im sure take toll tip least get use move thing desk door cause tip rub whole lot morebr go tip come stylus purchase pack replacement get year, 0.8683, 5], [use stylus pen tablet smart phonenice find replacement tip, 0.8876, 4], [user friendlyhave order time im give, 0.34, 5], [product use ipad air prefer stylus dont muck screen finger oil go stylus replace tip stylus tip bit smaller stylus precise opinion tell family member mother place order, 0.4019, 5], [idea replacement tip stylus play angry bird ipad month rubber tip tear thats end seem waste le waste reservation rubber tip metal portion closer afraid metal portion scratch screen stylus week problem, 0.969, 5], [waste moneytips dont register screen tap, 0.6369, 5]]
B00CIHF6DY:[0.8519]:[5]:[[case, ipod, time, look]]:[[case ipod time look, 0.8519, 5]]
B00CLDPY5K:[0.0, 0.6115]:[1, 5]:[[hold, credit, card, work, id, metro, pas, fold, twenty, list, work], [cheap, plastic, bulky]]:[[hold credit card work id metro pas fold twenty list work, 0.0, 1], [cheap plastic bulky, 0.6115, 5]]
B00CRQVW2K:[0.8519]:[5]:[[fit, great, color]]:[[fit great color, 0.8519, 5]]
B00DJBGJYS:[0.2057]:[2]:[[profile, picture, seem, think, sit, inch, handle, bar, order, product, sent]]:[[profile picture seem think sit inch handle bar order product sent, 0.2057, 2]]
B00DK6DGFM:[0.4939]:[3]:[[print, wore]]:[[print wore, 0.4939, 3]]
B00DM9AQG4:[0.6369, 0.8176]:[5, 4]:[[carry, everything, need], [thank, receive, company, replace, thanks]]:[[carry everything need, 0.6369, 5], [thank receive company replace thanks, 0.8176, 4]]
B00E8JIBEQ:[0.5267]:[3]:[[everything, thing, become, dirty, wont, clean]]:[[everything thing become dirty wont clean, 0.5267, 3]]
B00EEIVC74:[0.0]:[5]:[[lovevery, privacyno, bodyseemy, screen, recomended]]:[[lovevery privacyno bodyseemy screen recomended, 0.0, 5]]
B00EL3RC0S:[0.0, 0.0, 0.8442, 0.7003, -0.3818, 0.6369, 0.0, 0.4754, -0.3252, 0.6369]:[5, 5, 5, 5, 5, 5, 1, 5, 1, 5]:[[work, describe, hold, charge, day], [battery, well, battery], [battery, give, phone, yr, go, day, recharging, middle, day, watch, lot, video, use, battery, put, test, talk, read, facebook, problem], [legit, company, legit, battery], [satisfy, price, pay, brought], [hold, charge], [battery, charge, satisfy, product], [battery, work, far], [battery], [backup, battery, well, price, thru, samsung, direct, hold, charge, came, phone]]:[[work describe hold charge day, 0.0, 5], [battery well battery, 0.0, 5], [battery give phone yr go day recharging middle day watch lot video use battery put test talk read facebook problem, 0.8442, 5], [legit company legit battery, 0.7003, 5], [satisfy price pay brought, -0.3818, 5], [hold charge, 0.6369, 5], [battery charge satisfy product, 0.0, 1], [battery work far, 0.4754, 5], [battery, -0.3252, 1], [backup battery well price thru samsung direct hold charge came phone, 0.6369, 5]]
B00EUSFSDM:[-0.3384]:[1]:[[design, onoff, button, side, push, slight, bump, carry, purse, pocket, charge, drain]]:[[design onoff button side push slight bump carry purse pocket charge drain, -0.3384, 1]]
B00EUY58IQ:[0.0, 0.8519]:[5, 5]:[[awesome, love], [bryn]]:[[awesome love, 0.0, 5], [bryn, 0.8519, 5]]
B00EZ3WJ3O:[-0.6285]:[1]:[[notice, line, middle, screen, crack, try, remove, weak, glass, apply, pressure]]:[[notice line middle screen crack try remove weak glass apply pressure, -0.6285, 1]]
B00F5PGBEE:[0.5719]:[5]:[[excellent]]:[[excellent, 0.5719, 5]]
B00FEITEVO:[-0.4761]:[2]:[[case, fit, lg, g, protect, phone, drop, accident, month, something, edge, front, lift, protector, pair, temper, glass, screen, protector, edge, transparency, film, day, start, come, edge, case, touch, problem, different, case, im, sure, recommend, case, thing, happen, husband, motorola, brand, case]]:[[case fit lg g protect phone drop accident month something edge front lift protector pair temper glass screen protector edge transparency film day start come edge case touch problem different case im sure recommend case thing happen husband motorola brand case, -0.4761, 2]]
B00FFEGIEI:[0.0]:[1]:[[dont, fix, phone]]:[[dont fix phone, 0.0, 1]]
B00FPMP1B6:[0.8615, 0.0, 0.0]:[5, 5, 5]:[[buen], [fit, phone, nice, grip], [none]]:[[buen, 0.8615, 5], [fit phone nice grip, 0.0, 5], [none, 0.0, 5]]
B00G1I5BFY:[-0.5859]:[1]:[[look, item, disappoint, cut, look, cheap]]:[[look item disappoint cut look cheap, -0.5859, 1]]
B00G1RH24I:[0.7906]:[5]:[[buy, deal]]:[[buy deal, 0.7906, 5]]
B00GGSMV8O:[0.5719]:[5]:[[excellent, product]]:[[excellent product, 0.5719, 5]]
B00GIBKS9I:[0.6249, -0.4767, -0.6269, 0.0]:[5, 2, 2, 3]:[[bit, disappoint, screen, protector, go, edge, screen, there, gap, screen, protector, edge, screen, case, put, push, screen, protector], [product, service], [phone, pocketand, screen, got, scratch], [awkward, size, doesnt]]:[[bit disappoint screen protector go edge screen there gap screen protector edge screen case put push screen protector, 0.6249, 5], [product service, -0.4767, 2], [phone pocketand screen got scratch, -0.6269, 2], [awkward size doesnt, 0.0, 3]]
B00GPHQRPE:[-0.5982, 0.9956, 0.296]:[3, 4, 4]:[[thingbr, product, greatbr, support, greatbr, br, favor, go, buy, programming, radiosbr, br, httpwwwamazoncomgpawdbrzjhjurefpdawsimieutfrefridgsmvstrvrbfcmhbr, br, run, office, york, city, heart, time, square, need, sale, rep, street, communicate, office, make, ticket, availability, walk, customer, office, purchasebr, br, surround, sky, scrapersbr, br, issue, w, h, modelsthey, stop, work, blockbr, br, buy, think, powerand, realize, need, reprogram, work, hsbr, br, adjust, frequency, channel, set, channel, managersbr, br, adjust, squelch, set, voila, radio, work, transmit, block, kind, deal, time, squarenew, york, citybr, br, here, dobr, br, buy, cable, radiosbr, b, install, driver, disk, providedbr, c, download, software, specific, radio, herebr, httpwwwreteviscomdownloadaduinadsessionadtagclientqqadpubnobr, br, file, name, software, h, isbr, bfrarbr, br, d, use, winzip, extract, file, file, desktopbr, e, folder, containing, program, install, file, end, exebr, f, program, appear, start, menu, tcit, radio, iconbr, g, attach, usb, cable, computerskip, windows, driver, update, instal, driverjust, wait, windows, initialization, cableand, pay, attention, windows, tell, com, port, assign, cablebr, h, plug, radio, end, cable, radio, turn, power, radio, onbr, go, setting, tc, program, set, com, port, com, port, assign, radiobr, j, click, menu, find, read, radio, go, click, radio, passwordso, leave, blankbr, k, program, radio, excellent, guide, youtube, guy, england, explains, lot, radio, basic, thing, set, way, setting, guy, name, james, fletcherbr, httpyoutubezlantlabr, br, thats, little, radio, ill, try, update, month, winter, see, work, coldright, work, br, ding, company, star, programming, cable, well, direction, accompany, radio, shippedall, timebr, br, notebr, suggest, use, city, set, adjust, squelch, set, make, sure, channel, busy, activatedbr, br, make, adjustment, radio, amaze, rangealization, cableand, pay, attention, windows, tell, com, port, assign, cablebr, h, plug, radio, end, cable, radio, turn, power, radio, onbr, go, setting, tc, program, set, com, port, com, port, assign, radiobr, j, click, menu, find, read, radio, go, click, radio, passwordso, leave, blankbr, k, program, radio, excellent, guide, youtube, guy, england, explains, lot, radio, basic, thing, set, way, setting, guy, name, james, fletcherbr, httpyoutubezlantlabr, br, thats, little, radio, ill, try, update, month, winter, see, work, coldright, work, br, ding, company, star, programming, cable, well, direction, accompany, radio, shippedall, timebr, br, notebr, suggest, use, city, set, adjust, squelch, set, make, sure, channel, busy, activatedbr, br, make, adjustment, radio, amaze, range], [clip, break, okay, get, pay], [work, ok]]:[[thingbr product greatbr support greatbr br favor go buy programming radiosbr br httpwwwamazoncomgpawdbrzjhjurefpdawsimieutfrefridgsmvstrvrbfcmhbr br run office york city heart time square need sale rep street communicate office make ticket availability walk customer office purchasebr br surround sky scrapersbr br issue w h modelsthey stop work blockbr br buy think powerand realize need reprogram work hsbr br adjust frequency channel set channel managersbr br adjust squelch set voila radio work transmit block kind deal time squarenew york citybr br here dobr br buy cable radiosbr b install driver disk providedbr c download software specific radio herebr httpwwwreteviscomdownloadaduinadsessionadtagclientqqadpubnobr br file name software h isbr bfrarbr br d use winzip extract file file desktopbr e folder containing program install file end exebr f program appear start menu tcit radio iconbr g attach usb cable computerskip windows driver update instal driverjust wait windows initialization cableand pay attention windows tell com port assign cablebr h plug radio end cable radio turn power radio onbr go setting tc program set com port com port assign radiobr j click menu find read radio go click radio passwordso leave blankbr k program radio excellent guide youtube guy england explains lot radio basic thing set way setting guy name james fletcherbr httpyoutubezlantlabr br thats little radio ill try update month winter see work coldright work br ding company star programming cable well direction accompany radio shippedall timebr br notebr suggest use city set adjust squelch set make sure channel busy activatedbr br make adjustment radio amaze rangealization cableand pay attention windows tell com port assign cablebr h plug radio end cable radio turn power radio onbr go setting tc program set com port com port assign radiobr j click menu find read radio go click radio passwordso leave blankbr k program radio excellent guide youtube guy england explains lot radio basic thing set way setting guy name james fletcherbr httpyoutubezlantlabr br thats little radio ill try update month winter see work coldright work br ding company star programming cable well direction accompany radio shippedall timebr br notebr suggest use city set adjust squelch set make sure channel busy activatedbr br make adjustment radio amaze range, -0.5982, 3], [clip break okay get pay, 0.9956, 4], [work ok, 0.296, 4]]
B00GQ74DDQ:[-0.4215]:[2]:[[flimsy, screen, broke, phone, fell]]:[[flimsy screen broke phone fell, -0.4215, 2]]
B00GUXIAX0:[0.2574, 0.7506, -0.6249, 0.0, -0.7906, -0.4215, -0.4215, 0.0, 0.0, -0.34, 0.8643, -0.2846, -0.6369, -0.4572, 0.0, 0.8316, 0.2502]:[3, 3, 1, 4, 5, 1, 2, 1, 5, 1, 5, 2, 1, 1, 5, 5, 2]:[[say, note, usb, data, think, mean, charge, foot, cable, feet, foot, samsung, label, hub, gaudy, look, fake], [quality, expect, quick, charging, quick, data, transfer], [work, aboit, week, loose, wont, stay, plug, phone, prop, angle, charge], [give, product, good, review, change, didnt, month, spend, go, phone, dealer, get, real, samsung, shorter, real, stop, work, took, store, tell, lot, sell, online, replica, make, name, poor, quality, want, work, price], [product, break, week, use], [describe, using, month, complaint, charge, note, rate, factory, bent, year, weaken, foot, convenient, foot, came, note, need], [bit, say, job], [foot, thats, ask, got, length, charger], [break], [cord, seem, work, okay, problem, believe, order, foot, cord, get, foot, cord, check, order, somehow, wasnt, get, card, make, ordering, foot, cord, thats, get], [cord, total, month, love, charge, phone, price, consider, life, span, short], [didnt, wouldve, like, get, year, know, cord, im], [work, great, sturdy, thick, carry, broken, charge, price, im, go, buy, charger], [excellent, product, cheap, great, prime, ship], [didnt, couple, week, let, star], [charger, work, couple, week, take, dump, buy, power, charger, att, today, yr, warranty, question, charger, note, glad, iphone, note, husband, glad, mistake]]:[[say note usb data think mean charge foot cable feet foot samsung label hub gaudy look fake, 0.2574, 3], [quality expect quick charging quick data transfer, 0.7506, 3], [work aboit week loose wont stay plug phone prop angle charge, -0.6249, 1], [give product good review change didnt month spend go phone dealer get real samsung shorter real stop work took store tell lot sell online replica make name poor quality want work price, 0.0, 4], [product break week use, -0.7906, 5], [describe using month complaint charge note rate factory bent year weaken foot convenient foot came note need, -0.4215, 1], [bit say job, -0.4215, 2], [foot thats ask got length charger, 0.0, 1], [break, 0.0, 5], [cord seem work okay problem believe order foot cord get foot cord check order somehow wasnt get card make ordering foot cord thats get, -0.34, 1], [cord total month love charge phone price consider life span short, 0.8643, 5], [didnt wouldve like get year know cord im, -0.2846, 2], [work great sturdy thick carry broken charge price im go buy charger, -0.6369, 1], [excellent product cheap great prime ship, -0.4572, 1], [didnt couple week let star, 0.0, 5], [charger work couple week take dump buy power charger att today yr warranty question charger note glad iphone note husband glad mistake, 0.8316, 5], [, 0.2502, 2]]
B00GUXIG20:[-0.7184]:[3]:[[battery, good, hold, charge, shouldwill, go, day, usedthanks]]:[[battery good hold charge shouldwill go day usedthanks, -0.7184, 3]]
B00HJLUND2:[0.7003]:[5]:[[product, price, purpose]]:[[product price purpose, 0.7003, 5]]
B00HMDB2VE:[0.9529, 0.8803, 0.9462]:[4, 5, 4]:[[price, expect, unit, delivers, promise, solves, technology, gap, issue, car, radio, systemsbr, br, unit, sd, card, reader, fm, transmitter, interface, use, mm, audio, jack, cell, phone, phone, transmitter, includedbr, br, look, pull, model, car, radio, pay, upgrade, include, aux, jack, solution, expensivebr, br, consider, purchase, cassette, tape, interface, car, cassette, deck, manymost, device, dont, play, cassette, player, unit, bypass, cassette, fm, transmitter, select, frequency, transmits, br, great, addition, older, car, stereo, dont, want, spend, bundle, upgrade], [figure, set, device, random, enjoy, work, random, play, set, tend, pick, song, consistency, worry, cd, slide, floor, get, scratch, think, buy, price], [recommend]]:[[price expect unit delivers promise solves technology gap issue car radio systemsbr br unit sd card reader fm transmitter interface use mm audio jack cell phone phone transmitter includedbr br look pull model car radio pay upgrade include aux jack solution expensivebr br consider purchase cassette tape interface car cassette deck manymost device dont play cassette player unit bypass cassette fm transmitter select frequency transmits br great addition older car stereo dont want spend bundle upgrade, 0.9529, 4], [figure set device random enjoy work random play set tend pick song consistency worry cd slide floor get scratch think buy price, 0.8803, 5], [recommend, 0.9462, 4]]
B00HTT4UOM:[0.7984]:[4]:[[get, sticker, suppose, get, didnt, black, skull, rap, tiny, yellow, parcel, envelope, wonderful]]:[[get sticker suppose get didnt black skull rap tiny yellow parcel envelope wonderful, 0.7984, 4]]
B00I55FH6E:[-0.3217]:[3]:[[doesnt, look, work]]:[[doesnt look work, -0.3217, 3]]
B00IH13F2E:[0.6486]:[5]:[[quality, pulse, oximeter, match, verify, one, resource, specification, hop, find, end, range, thing, form, veridian, helathcare, recommend, resuluts]]:[[quality pulse oximeter match verify one resource specification hop find end range thing form veridian helathcare recommend resuluts, 0.6486, 5]]
B00IKUT7KQ:[0.8631]:[5]:[[charge, charger, buy, worth, extra, money]]:[[charge charger buy worth extra money, 0.8631, 5]]
B00ISFVOAE:[0.8338]:[5]:[[feel, little, cheap, im, fine, work, fit, galaxy, thick, case, wallet, keep, bill]]:[[feel little cheap im fine work fit galaxy thick case wallet keep bill, 0.8338, 5]]
B00ISJIXGI:[0.6953]:[5]:[[thing, awesome, display, thing, tv, software, wifi, etc, work, playing, netflix, phone, hotelsbr, br, know, reason, plug, phone, go, input, doesnt, register, phone, think, break, put, tv, input, hdmi, plug, phone, come, know, know, phone, tv, done, order]]:[[thing awesome display thing tv software wifi etc work playing netflix phone hotelsbr br know reason plug phone go input doesnt register phone think break put tv input hdmi plug phone come know know phone tv done order, 0.6953, 5]]
B00JAJDX06:[-0.3252]:[1]:[[wasnt, satisfy, product]]:[[wasnt satisfy product, -0.3252, 1]]
B00JH831DO:[0.9315]:[5]:[[brand, make, case, protect, phone, feel, add, weight, thickness, phone]]:[[brand make case protect phone feel add weight thickness phone, 0.9315, 5]]
B00JH88GTI:[0.743]:[4]:[[ok, case, year, wear, drop, phone, million, time, case, great, protect, buy]]:[[ok case year wear drop phone million time case great protect buy, 0.743, 4]]
B00JMGG4DK:[0.7506]:[3]:[[ok, think, love, mets]]:[[ok think love mets, 0.7506, 3]]
B00JQKCW7E:[0.6369]:[5]:[[case]]:[[case, 0.6369, 5]]
B00K6OMOXG:[0.4215, 0.4672]:[1, 3]:[[dont, fit, feel, push, lot], [buy, battery, last, month]]:[[dont fit feel push lot, 0.4215, 1], [buy battery last month, 0.4672, 3]]
B00KB1S118:[0.956]:[5]:[[awesome, love, change, love, silicone, slip, sliding, love, rose, ask, thank]]:[[awesome love change love silicone slip sliding love rose ask thank, 0.956, 5]]
B00KCF2LOQ:[0.2165, -0.1226]:[2, 5]:[[period, time, look, strap, scratch, wear, tear], [year, perfect, phone, problem, cutee]]:[[period time look strap scratch wear tear, 0.2165, 2], [year perfect phone problem cutee, -0.1226, 5]]
B00KEGYXRQ:[0.3384]:[5]:[[work, get, use]]:[[work get use, 0.3384, 5]]
B00KUINBU8:[0.0]:[4]:[[work, job]]:[[work job, 0.0, 4]]
B00KW70WAY:[-0.1864, 0.9857, 0.6369, -0.656, 0.0, 0.5423]:[1, 4, 5, 1, 1, 2]:[[dont, want, return, look, cheap], [work, hr, start, whatever, want, alarm, go, watch, change, language, dollar, smh], [excite, get, watch, disappoint, sync, phone, range, feet, step, counter, doesnt, work, thing, work, suppose, vibration, hour], [couldnt, get, work, fact, know, chinese], [u, watch, great, wouldnt, get, iphone, call, use, calculatorstopwatchand, etc, cant, use, emailtext, messagescamera, sound, quality, im, please, iphone, text, watch, read, text, sound, make, text, email, etc, ok, answer, make, call, watch, get, iphone, furthermore, work, android, device, recommend, get, cool, cheat]]:[[dont want return look cheap, -0.1864, 1], [work hr start whatever want alarm go watch change language dollar smh, 0.9857, 4], [excite get watch disappoint sync phone range feet step counter doesnt work thing work suppose vibration hour, 0.6369, 5], [couldnt get work fact know chinese, -0.656, 1], [u watch great wouldnt get iphone call use calculatorstopwatchand etc cant use emailtext messagescamera sound quality im please iphone text watch read text sound make text email etc ok answer make call watch get iphone furthermore work android device recommend get cool cheat, 0.0, 1], [, 0.5423, 2]]
B00KZ96H2Q:[0.5842]:[5]:[[product, ipad, mini, price, refuse]]:[[product ipad mini price refuse, 0.5842, 5]]
B00L1192BA:[0.0572, -0.2755]:[1, 2]:[[junk, fit, phone, dont, waste, money], [black, part, fit, red, part, son, use, red, part, protection]]:[[junk fit phone dont waste money, 0.0572, 1], [black part fit red part son use red part protection, -0.2755, 2]]
B00L8C81BY:[0.3487, 0.7771, 0.9013, 0.4404, 0.4215]:[4, 1, 4, 5, 4]:[[nothing, doubt, amazon, shipment, product, better, quality, band, good, remove, link, fit, wrist, size, band, spent, half, hour, try, remove, link, fail, hurt, dont, buy, band, wrist, wanna, enjoy, process, fight, link], [nice], [quality, band, money], [perfect, fit, look, amaze, doesnt, pull, hair, review, think, adjust, band, size, proper, fit, loose, easy, remove, pin, size, adjustment], [look, pay, jeweler, put, eye]]:[[nothing doubt amazon shipment product better quality band good remove link fit wrist size band spent half hour try remove link fail hurt dont buy band wrist wanna enjoy process fight link, 0.3487, 4], [nice, 0.7771, 1], [quality band money, 0.9013, 4], [perfect fit look amaze doesnt pull hair review think adjust band size proper fit loose easy remove pin size adjustment, 0.4404, 5], [look pay jeweler put eye, 0.4215, 4]]
B00LAEZMXK:[0.8908, 0.0, 0.8176]:[5, 5, 5]:[[advertise], [fit, need, sideways, ease, use, clip, belt, make], [purchase, friend, swears, get, month, keep, line, work, kind, product, get, beat, month, pouch, stand, ground, purchase, place, wish, list]]:[[advertise, 0.8908, 5], [fit need sideways ease use clip belt make, 0.0, 5], [purchase friend swears get month keep line work kind product get beat month pouch stand ground purchase place wish list, 0.8176, 5]]
B00LU0HS22:[0.6249, 0.4754]:[5, 5]:[[item, fast, shipping], [nice, casenice, price]]:[[item fast shipping, 0.6249, 5], [nice casenice price, 0.4754, 5]]
B00LWT7AXI:[0.5719]:[5]:[[get, wife, love]]:[[get wife love, 0.5719, 5]]
B00M1I8SNK:[0.6597, 0.7227, 0.5401]:[5, 4, 3]:[[take, time, get, week, work, perfect, charge, phone, carry], [installation, straight, say, device, didnt, work, try, time, well, result, charge, phone, product, feel, make, damage, transit, receive, replacement, work, fine, take, amount, time, charge, charge, overnight, example, charge, morning, notice, stay, warmer, anything], [recommend, thanks]]:[[take time get week work perfect charge phone carry, 0.6597, 5], [installation straight say device didnt work try time well result charge phone product feel make damage transit receive replacement work fine take amount time charge charge overnight example charge morning notice stay warmer anything, 0.7227, 4], [recommend thanks, 0.5401, 3]]
B00M3TET44:[0.0, 0.296]:[3, 3]:[[handle, keep, turn, towards, floor, rest, accesories, cant, use, phone, case], [ok]]:[[handle keep turn towards floor rest accesories cant use phone case, 0.0, 3], [ok, 0.296, 3]]
B00M4IKM7M:[0.8555]:[5]:[[screen, buy]]:[[screen buy, 0.8555, 5]]
B00M4LV5H0:[0.6076]:[5]:[[work, expect, month, show, sign, bought, wife, doesnt, fit, nice, give, octagon, shape, cupholders, fault, manufacturer]]:[[work expect month show sign bought wife doesnt fit nice give octagon shape cupholders fault manufacturer, 0.6076, 5]]
B00M7IZIYQ:[0.8479]:[5]:[[cellphone, decision, compare, time, select, im, happy, decision]]:[[cellphone decision compare time select im happy decision, 0.8479, 5]]
B00MAN09JC:[-0.8577, 0.7906]:[3, 5]:[[camping, trip, background, music, sound], [bluetooth, connection, distancebr, nfc, useful, work, connect, device, remembers, device, time, power, connect, device, use, nfc, make, connection, bluetooth, range, good, device, firstbr, prefer, connect, nfc, request, way, closer, audio, cable]]:[[camping trip background music sound, -0.8577, 3], [bluetooth connection distancebr nfc useful work connect device remembers device time power connect device use nfc make connection bluetooth range good device firstbr prefer connect nfc request way closer audio cable, 0.7906, 5]]
B00MBU8D42:[-0.6476]:[1]:[[poor, fit, galaxy, arm, band, enclose, top, area, phone, poor, design]]:[[poor fit galaxy arm band enclose top area phone poor design, -0.6476, 1]]
B00MI53PF2:[0.6249]:[5]:[[awesome, sound]]:[[awesome sound, 0.6249, 5]]
B00MOOF41U:[0.3177, 0.8885, -0.5719, 0.6369, -0.2772, 0.6249, -0.2755]:[5, 5, 1, 5, 4, 5, 3]:[[dont, screen, thick], [hate, case, get], [box, people, complain, muffle, end, get, case, case, keep, squeeze, screen, rend, phone, im, case, go, figure], [cant, beat, market, sure, there, well, price, thing, see, go, circular, thing, center, press, activate], [case, great, protects, phone, great, price], [product]]:[[dont screen thick, 0.3177, 5], [hate case get, 0.8885, 5], [box people complain muffle end get case case keep squeeze screen rend phone im case go figure, -0.5719, 1], [cant beat market sure there well price thing see go circular thing center press activate, 0.6369, 5], [case great protects phone great price, -0.2772, 4], [product, 0.6249, 5], [, -0.2755, 3]]
B00MR9BKMY:[0.9585, 0.8462, 0.9041, 0.6115, 0.8122]:[5, 5, 5, 5, 5]:[[color, bonus, protects, phone, max], [case, picture, price, product, alternate, name, brand, encounter, issue, improve, product, review, happy], [phone, case, cute], [happy], [perfect, otter, price, tag, daughter, love]]:[[color bonus protects phone max, 0.9585, 5], [case picture price product alternate name brand encounter issue improve product review happy, 0.8462, 5], [phone case cute, 0.9041, 5], [happy, 0.6115, 5], [perfect otter price tag daughter love, 0.8122, 5]]
B00MYZWMEQ:[0.9042, 0.5719, 0.865, 0.8334]:[5, 5, 5, 5]:[[caseit, install, buy, case], [excellent], [exspecting, didnt, want, case, add, size, phone, look, nice, job, protect, phone], [package]]:[[caseit install buy case, 0.9042, 5], [excellent, 0.5719, 5], [exspecting didnt want case add size phone look nice job protect phone, 0.865, 5], [package, 0.8334, 5]]
B00N4OABFS:[-0.2263, -0.5256]:[2, 2]:[[stop, work, week], [perform, lead, believe, disappoint, go, type, charger, conference, guest]]:[[stop work week, -0.2263, 2], [perform lead believe disappoint go type charger conference guest, -0.5256, 2]]
B00N8CHNEI:[0.6249]:[4]:[[product, price]]:[[product price, 0.6249, 4]]
B00N9QFOR6:[0.6249]:[5]:[[hold, get, lot, compliment]]:[[hold get lot compliment, 0.6249, 5]]
B00N9ZP4H2:[0.34]:[4]:[[deal, problem, use, uv, glue, glue, stick, need, uv, light, put, glue, stick]]:[[deal problem use uv glue glue stick need uv light put glue stick, 0.34, 4]]
B00NFGDJEU:[0.8519]:[5]:[[love]]:[[love, 0.8519, 5]]
B00NGH2IU4:[0.2263]:[3]:[[ship, case, okay]]:[[ship case okay, 0.2263, 3]]
B00NIKHUT8:[0.9069]:[5]:[[life, saver, ive, see, friend, crack, screen, problem, temper, glass, protection, use, iphone, straight, box]]:[[life saver ive see friend crack screen problem temper glass protection use iphone straight box, 0.9069, 5]]
B00NIRKEXK:[-0.0511]:[1]:[[crack, month, like, bought, replacement, drop, week, crack, happy]]:[[crack month like bought replacement drop week crack happy, -0.0511, 1]]
B00NJ0U1K2:[-0.3412]:[2]:[[please, case]]:[[please case, -0.3412, 2]]
B00NJ6P43K:[-0.3182]:[2]:[[part, loose, wouldnt, attach, green, part]]:[[part loose wouldnt attach green part, -0.3182, 2]]
B00NPG6DCU:[0.7992]:[3]:[[company, make, thing, think, card, multiple, card, bill, make, pock, inch, bigger, bit, lest, get, bill, fold, cut, phone, band, bill, coin, section, model, bit, end, carry, change, wallet, make, pattern, make, expect]]:[[company make thing think card multiple card bill make pock inch bigger bit lest get bill fold cut phone band bill coin section model bit end carry change wallet make pattern make expect, 0.7992, 3]]
B00NPU7PGE:[0.3612]:[4]:[[cell, phone, case, strap, color, find, fast, pocketbook]]:[[cell phone case strap color find fast pocketbook, 0.3612, 4]]
B00NT9LL1G:[0.7257]:[4]:[[golla, bag, iphones, get, havent, keep, excite, mention, iphone, wasnt, longer, golla, bag, say, fit, iphone, use, kind, case, flap, seal, velcro, issue, mat, side, velcro, sewn, iphone, case, flap, velcro, doesnt, reach, velcro, pouch, side, iphone, case, half, strip, velcro, overlap, sort, case, keep, overlap]]:[[golla bag iphones get havent keep excite mention iphone wasnt longer golla bag say fit iphone use kind case flap seal velcro issue mat side velcro sewn iphone case flap velcro doesnt reach velcro pouch side iphone case half strip velcro overlap sort case keep overlap, 0.7257, 4]]
B00NWTSIHI:[-0.2023]:[5]:[[excellent, keep, electronics, charge, time, dont, keep, look, ac, outlet, airport, heard, public, phone, charge, outlet, steal, people, data, plug, charge]]:[[excellent keep electronics charge time dont keep look ac outlet airport heard public phone charge outlet steal people data plug charge, -0.2023, 5]]
B00O10XAKM:[0.8402]:[5]:[[phone, case, super, protective, ive, drop, phone, time, case, crack]]:[[phone case super protective ive drop phone time case crack, 0.8402, 5]]
B00OAAMPC2:[0.6369]:[5]:[[bring, case, mom, love, phone]]:[[bring case mom love phone, 0.6369, 5]]
B00OAQRNM8:[0.968]:[5]:[[get, yesterday, charge, lg, g, motorolla, droid, maxx, recommend, anyone, thing, cant, charge, case, love, love, love]]:[[get yesterday charge lg g motorolla droid maxx recommend anyone thing cant charge case love love love, 0.968, 5]]
B00OFN3ONI:[0.9296]:[5]:[[case, inexpensive, work, take, case, put, phone, armband, exercise, easy, remove, put, havent, notice, wear, take, case, dont, worry, phone, case, great, product]]:[[case inexpensive work take case put phone armband exercise easy remove put havent notice wear take case dont worry phone case great product, 0.9296, 5]]
B00OFRFNP6:[0.8159, 0.0]:[1, 4]:[[product, feel, buying, price, say, didnt, couple, us, cant, see, option, point, purpose], [dont, know, recognize, idevice, charger, charge]]:[[product feel buying price say didnt couple us cant see option point purpose, 0.8159, 1], [dont know recognize idevice charger charge, 0.0, 4]]
B00OM73I1U:[0.4215]:[4]:[[nice]]:[[nice, 0.4215, 4]]
B00OOUFNLS:[0.5719, 0.9883, 0.5, 0.0]:[5, 5, 5, 5]:[[case, buy, gift, daughter, issue, rotates, make, locate], [perfect], [get, samsung, galaxy, tabletnook, replacement, nook, hd, broke, go, buy, case, barnes, glad, buy, case, use, tablet, everything, get, lot, use, cant, say, case, stylish, plain, neat, include, bonus, dont, waste, money, case], [luv]]:[[case buy gift daughter issue rotates make locate, 0.5719, 5], [perfect, 0.9883, 5], [get samsung galaxy tabletnook replacement nook hd broke go buy case barnes glad buy case use tablet everything get lot use cant say case stylish plain neat include bonus dont waste money case, 0.5, 5], [luv, 0.0, 5]]
B00ORNOWZK:[0.6249, 0.0]:[5, 5]:[[work, great], [handy, gadget, see, go, charger, usb, power, device]]:[[work great, 0.6249, 5], [handy gadget see go charger usb power device, 0.0, 5]]
B00OVG1TFE:[0.9704, -0.3252, 0.875, 0.3716, 0.1663, 0.1154]:[5, 1, 5, 4, 2, 1]:[[card, sleeve, bit, fit, id, cc, card, point, purchase, slim, wallet, im, complain, magnet, secures, iphone, case, wallet, portion, week, use, value, recommend], [seems, great, question, quality, spine, case, time], [cool, idea, magnet, limitation, add, deal, breaker, want, case, travel, wont, let, carry, cash, magnet, br, way, carry, cash, case, dollar, bill, longer, iphone, carry, bill, cant, carry, fold, half, tall, stick, tuck, cash, pocket, block, cover, fold, way, bill, fit, fold, quarter, mean, couple, bill, fold, wallet, get, fold, fold, tuck, bill, transaction, super, inconvenientbr, br, dealbreaker, magnet, phone, shell, phone, compass, outer, wallet, part, part, thats, attach, phone, compass, app, point, matter, way, turn, take, phone, shell, compass, start, work, move, phone, case, compass, stop, turn, wont, work, need, phone, navigate, map, walk, city, vacation, reviewer, claim, drain, battery, dont, want, find, thats, truebr, br, phone, shell, part, case, bumper, edge, taller, screen, glass, take, phone, wallet, drop, ground, phone, glass, contact, pavement, something, avoid, phone, case, generalbr, br, case, someone, want, carry, credit, card, cash, want, use, phone, doesnt, care, battery, life, isnt, worry, aboutdropping, shame, clever, idea, return], [advertise, phone, c, true], [like, case, dayandahalf, break, leatherpleather, transparent, id, slot, rip, stitch, piece, paper], [excellent, quality, last, least, month, get, screen, clean, cloth, tuck, card, fold, card, help, protect, screen, phone, didnt, seem, rubbing, screen, protector, anyway, thoughbr, type, wallet, phone, case, worth, buy]]:[[card sleeve bit fit id cc card point purchase slim wallet im complain magnet secures iphone case wallet portion week use value recommend, 0.9704, 5], [seems great question quality spine case time, -0.3252, 1], [cool idea magnet limitation add deal breaker want case travel wont let carry cash magnet br way carry cash case dollar bill longer iphone carry bill cant carry fold half tall stick tuck cash pocket block cover fold way bill fit fold quarter mean couple bill fold wallet get fold fold tuck bill transaction super inconvenientbr br dealbreaker magnet phone shell phone compass outer wallet part part thats attach phone compass app point matter way turn take phone shell compass start work move phone case compass stop turn wont work need phone navigate map walk city vacation reviewer claim drain battery dont want find thats truebr br phone shell part case bumper edge taller screen glass take phone wallet drop ground phone glass contact pavement something avoid phone case generalbr br case someone want carry credit card cash want use phone doesnt care battery life isnt worry aboutdropping shame clever idea return, 0.875, 5], [advertise phone c true, 0.3716, 4], [like case dayandahalf break leatherpleather transparent id slot rip stitch piece paper, 0.1663, 2], [excellent quality last least month get screen clean cloth tuck card fold card help protect screen phone didnt seem rubbing screen protector anyway thoughbr type wallet phone case worth buy, 0.1154, 1]]
B00P14KNFW:[0.4754]:[4]:[[nice, price]]:[[nice price, 0.4754, 4]]
B00P75X2OY:[0.9067]:[5]:[[wasnt, sure, look, photo, country, girl, cant, turn, camo, order, look, im, say, snap, tougher, think, rug, rat, buy]]:[[wasnt sure look photo country girl cant turn camo order look im say snap tougher think rug rat buy, 0.9067, 5]]
B00P7U6S1S:[0.9781]:[4]:[[fit, samsung, click, place, feel, ditch, weather, case, satisfies, inner, potter, fan, say, print, display, picture, pristine, say, quality, smooth, feel, sturdy]]:[[fit samsung click place feel ditch weather case satisfies inner potter fan say print display picture pristine say quality smooth feel sturdy, 0.9781, 4]]
B00PFHJX7O:[0.2732]:[4]:[[work]]:[[work, 0.2732, 4]]
B00PGMP9E4:[0.0]:[2]:[[identicle, component, come, phone]]:[[identicle component come phone, 0.0, 2]]
B00PHF4NI8:[-0.7574]:[1]:[[disappoint, item, arrive, substance, wash, im, use, broken, instead]]:[[disappoint item arrive substance wash im use broken instead, -0.7574, 1]]
B00PHL9DBE:[-0.0451, 0.6249]:[4, 5]:[[excellent, case, idea, make, screen, cover, screen, saver, phone, screen, saver, play, create, effect, incline, either, fix, problem], [work, great]]:[[excellent case idea make screen cover screen saver phone screen saver play create effect incline either fix problem, -0.0451, 4], [work great, 0.6249, 5]]
B00PQA5NSI:[0.802, 0.1779]:[5, 5]:[[make, iphone, look, soooo, nice, slimmer, cover, offer, grip, drop, protection], [case, love, variety, color]]:[[make iphone look soooo nice slimmer cover offer grip drop protection, 0.802, 5], [case love variety color, 0.1779, 5]]
B00PRWKMC2:[0.0]:[1]:[[im, wait, someone, get, return, expect, want, gold, copper]]:[[im wait someone get return expect want gold copper, 0.0, 1]]
B00PUDHUWS:[0.8934]:[5]:[[delivery, seller, excellent, product, work, adjust]]:[[delivery seller excellent product work adjust, 0.8934, 5]]
B00PUOCNYM:[0.4019]:[1]:[[order, case, daughter, iphone, inch, discription, say, iphone]]:[[order case daughter iphone inch discription say iphone, 0.4019, 1]]
B00PVSG4GK:[0.7184]:[3]:[[job, case, jewel, fall, quicker, thought, half, jewel, gone, month, corner, crack, get, child, shipping]]:[[job case jewel fall quicker thought half jewel gone month corner crack get child shipping, 0.7184, 3]]
B00PZL6TCC:[0.6361]:[5]:[[mom, use, case, day, figure, nice, leave, review, phone, fit, case, look, flimsy, hold, look, qualms, ask]]:[[mom use case day figure nice leave review phone fit case look flimsy hold look qualms ask, 0.6361, 5]]
B00Q7OY7M0:[0.8555]:[5]:[[product, keep, husband, phone, secure, safe]]:[[product keep husband phone secure safe, 0.8555, 5]]
B00Q7RQTBE:[0.2732]:[5]:[[work, corvette]]:[[work corvette, 0.2732, 5]]
B00QA8H4FA:[0.5922]:[5]:[[please, performance, phone, case, protect, please, case, cover, phone, felt, scar, drop, hand, didnt, bother]]:[[please performance phone case protect please case cover phone felt scar drop hand didnt bother, 0.5922, 5]]
B00QAXY27S:[0.4215, 0.765, 0.8481, 0.9712, 0.4404, 0.4754, 0.8932, 0.0, 0.9455]:[5, 5, 5, 3, 4, 5, 5, 1, 4]:[[hold, phone, stay, air, duct], [concept, great, product, seems, decent, strength, magnet, say, didnt, work, magnet, go, phone, case, case, kickstand, case, thoughand, magnet, wasnt, level, thickness], [nice, mount, phone], [product, buy, vehicle, iphone, hold], [bought, friend, problem, put, magnet, place, dont, pull, holder, vent, time, pick, phone], [cleverest, order, perfect, gift, friend, member], [product, fit, give, option, size, magnet, put, phone, case, remove, sticker, stick, slide, stay, place, work, fall, time, hit, bump, stay, recommend, product], [husband, us, iphone, like, simple, use]]:[[hold phone stay air duct, 0.4215, 5], [concept great product seems decent strength magnet say didnt work magnet go phone case case kickstand case thoughand magnet wasnt level thickness, 0.765, 5], [nice mount phone, 0.8481, 5], [product buy vehicle iphone hold, 0.9712, 3], [bought friend problem put magnet place dont pull holder vent time pick phone, 0.4404, 4], [cleverest order perfect gift friend member, 0.4754, 5], [product fit give option size magnet put phone case remove sticker stick slide stay place work fall time hit bump stay recommend product, 0.8932, 5], [husband us iphone like simple use, 0.0, 1], [, 0.9455, 4]]
B00QEYXMSS:[-0.4215]:[1]:[[doesnt, work, waste, money, phone, havent, keep, charge, get]]:[[doesnt work waste money phone havent keep charge get, -0.4215, 1]]
B00QGA99B4:[0.4754]:[5]:[[nice, stereo]]:[[nice stereo, 0.4754, 5]]
B00QQUQTV2:[0.2263]:[5]:[[test, phone, stop, signal, work, promise]]:[[test phone stop signal work promise, 0.2263, 5]]
B00QTD86DK:[0.9246]:[5]:[[quality, material, great, ]]:[[quality material great , 0.9246, 5]]
B00QXOCIA2:[0.6249]:[4]:[[product]]:[[product, 0.6249, 4]]
B00QZ2DIMY:[0.5719]:[5]:[[perfect]]:[[perfect, 0.5719, 5]]
B00R5CF0II:[0.3804]:[5]:[[looking, ship, china, days]]:[[looking ship china days, 0.3804, 5]]
B00RAXLF40:[-0.5423]:[1]:[[case, receive, yesterday, come, apart, bull]]:[[case receive yesterday come apart bull, -0.5423, 1]]
B00RF71KR8:[0.5106, 0.5994, 0.8834, 0.0522]:[4, 5, 5, 4]:[[pink, border, get, dirty], [fun, pattern, case, considering, abuse, receive, child, get, hold, phone], [case, pick, amazon, ordering, simple, order, come, earlier, expect, order, thank]]:[[pink border get dirty, 0.5106, 4], [fun pattern case considering abuse receive child get hold phone, 0.5994, 5], [case pick amazon ordering simple order come earlier expect order thank, 0.8834, 5], [, 0.0522, 4]]
B00RIIOY8Q:[0.836]:[5]:[[order, daughter, love, sturdy, fit, phone]]:[[order daughter love sturdy fit phone, 0.836, 5]]
B00RKTMMMI:[0.5182]:[1]:[[buy, case, love, design, slim, great, color, sturdy, felt, hand, didnt, stick, go, pocket, highlight, design, apple, unobtrusive, waybr, br, month, strip, front, volume, button, break, try, find, way, contact, amazon, seller, page, request, return, product, feedback, couldnt, find, contact, info, disappoint]]:[[buy case love design slim great color sturdy felt hand didnt stick go pocket highlight design apple unobtrusive waybr br month strip front volume button break try find way contact amazon seller page request return product feedback couldnt find contact info disappoint, 0.5182, 1]]
B00RPV4UJO:[0.8909, 0.0, 0.7906, -0.1531]:[3, 5, 5, 3]:[[kickstand, sturdy, case, rugged, slim, phone, twice, get, job, id, buy, case], [make, phone, hold, price], [make, nicerbr, versatile, kickstand, allow, upright, angle, sit, entire, phone, verticle, facetimebr, keep, rubberlike, grip, get, rid, deep, groove, create, place, dirt, grime, germ, collectbr, make, thicker, bumper, front, protect, phone, betterbr, make, closure, port, dont, get, dirtybr, br, nicebr, gripnonslipbr, lightweightbr, nothing, cover, lens, camera, integrity, isnt, compromisedbr, feel, protectivebr, put, take, easy, adult, kid], [screen, cover, way, fit, phonecouldnt, usevery, disappoint]]:[[kickstand sturdy case rugged slim phone twice get job id buy case, 0.8909, 3], [make phone hold price, 0.0, 5], [make nicerbr versatile kickstand allow upright angle sit entire phone verticle facetimebr keep rubberlike grip get rid deep groove create place dirt grime germ collectbr make thicker bumper front protect phone betterbr make closure port dont get dirtybr br nicebr gripnonslipbr lightweightbr nothing cover lens camera integrity isnt compromisedbr feel protectivebr put take easy adult kid, 0.7906, 5], [screen cover way fit phonecouldnt usevery disappoint, -0.1531, 3]]
B00S2CNS9S:[0.8912]:[5]:[[cardbuddy, apply, convenient, friend, want, wish, black, match, case, im, satisfy]]:[[cardbuddy apply convenient friend want wish black match case im satisfy, 0.8912, 5]]
B00S3BR09W:[0.6249, 0.6249]:[5, 5]:[[deliver, time, expect, job], [case, take, awhile, ship]]:[[deliver time expect job, 0.6249, 5], [case take awhile ship, 0.6249, 5]]
B00S5RQ324:[0.836]:[5]:[[fit, perfect, case]]:[[fit perfect case, 0.836, 5]]
B00S8UAYIM:[0.7684]:[5]:[[bit, bulky, great, protection, drop, sony, time, scratch, crack, say]]:[[bit bulky great protection drop sony time scratch crack say, 0.7684, 5]]
B00SAY77Z4:[-0.4404]:[1]:[[use]]:[[use, -0.4404, 1]]
B00SHLORXK:[0.9099]:[5]:[[excellent, product, charge, keep, spare, office, charge, super, quick, please]]:[[excellent product charge keep spare office charge super quick please, 0.9099, 5]]
B00SKTL59I:[0.3716]:[3]:[[look, great, made, cheap, plastic, couple, month, breaking]]:[[look great made cheap plastic couple month breaking, 0.3716, 3]]
B00SNYFI70:[0.5927, 0.1027]:[4, 4]:[[expect, appear, protection, phone], [reach, time, exp]]:[[expect appear protection phone, 0.5927, 4], [reach time exp, 0.1027, 4]]
B00SO5XXES:[0.0, 0.5719]:[4, 5]:[[excellent, quality, heavy, duty, standup, use], [boyfriend, iphone, leave, planet, work, car, charger]]:[[excellent quality heavy duty standup use, 0.0, 4], [boyfriend iphone leave planet work car charger, 0.5719, 5]]
B00SQA0VIC:[0.0]:[2]:[[car, charger, work]]:[[car charger work, 0.0, 2]]
B00STP86G8:[0.6249, 0.8316, 0.0183, 0.8805, 0.8591, 0.7845, 0.5106, -0.743, 0.9986, 0.9099, 0.5719, -0.9452, 0.7351, 0.875, 0.7906, 0.875, 0.5714]:[5, 5, 5, 5, 3, 5, 4, 1, 5, 5, 4, 3, 5, 4, 5, 5, 5]:[[use, earbuds, run, travel, fine, purpose, theyre, decent, battery, life, sound, quality, downsidesannoyances, ear, bud, isnt, synchronize, notice, music, problem, intend, watch, video, gain, access, charge, port, pain, way, work, use, tweezer, remove, coverbr, br, main, earbuds, jaybird, bud, dont, hit, level, quality, performance, fraction, cost, work, worry, lose, breaking, road], [buy, wife, ear, try, replacement, bud, felt, clunky, ear, wife, ft, tall, petite, seem, fine, guybr, br, look, sleek, nice, cant, speak, quality, performance, pair, go, return, today], [wireless, earbuds, enjoy, consider, order, pair, different, color, thank, amazon], [battery, work, run, come, case, store], [work], [sound, price], [pair, great, sound, excellent, complaint, battery, life, hour, price, performance, cant, beat, em], [sound, quality, worse, apple, ear, plug, come, iphone, br, money, waste, use], [review, review, add, anything, order, ear, bud, lot, research, saw, cnet, view, video, describe, review, check, amazon, review, find, lot, happy, user, budsbr, br, soundpeats, qy, ear, budsbr, br, arrive, couple, day, neglect, send, order, correct, resent, dont, comment, packaging, thing, notice, package, represent, quality, heavy, duty, box, great, graphic, design, seal, prove, beware, list, include, item, side, read, review, bud, arent, create, come, goodiesbr, br, open, box, find, carry, case, instruction, sheet, dad, say, read, twice, sheet, informative, follow, understand, day, cant, figure, lot, review, amazon, complain, figure, work, bud, bud, charging, flap, bud, charge, thing, explain, institution, sheetsbr, br, case, ahhhhhh, yes, case, research, see, lot, add, review, price, include, case, make, let, shell, case, case, doesnt, anything, improve, sound, quality, know, packaging, case, sense, make, product, consciousness, manufacturingbr, br, open, zipper, case, inside, find, ear, bud, usb, charge, extra, ear, insert, bunch, piece, use, hold, guy, ear, read, kind, review, bud, fall, ear, exercise, activity, dont, problem, handicap, understand, look, ear, extension, think, experimentation, problem, eliminate, sure, clip, attache, bud, shirt, something, secure, cord, help, reduce, movement, hollow, wind, tunnel, affect, cord, make, majority, bluetooth, bud, earphone, problem, expert, dont, hold, fact, far, ear, insert, size, insert, instal, fit, ear, way, know, difficult, replace, insert, know, bud, replacement, insert, cause, problem, handicap, parkinson, cause, tremor, hand, arm, someone, done, reportbr, br, set, listening, read, instruction, twice, dad, tell, difficulty, charge, difficult, problem, cap, cover, mini, usb, connection, bud, fit, hand, tremor, charging, port, cover, friend, use, emory, cloth, scruff, tab, make, push, friend, suggest, pin, hole, piece, tape, im, sure, average, person, average, size, finger, nail, difficulty, charge, snap, end, standar, usb, charger, use, apple, iphone, charger, mini, end, bud, red, come, charge, red, light, turn, idea, length, charge, time, chafe, red, went, less, half, hour, time, didnt, watch, read, type, charger, use, make, difference, apple, product, quick, charger, use, connect, computer, usb, port, pair, simple, press, ear, bud, second, wait, blue, light, turn, audio, devise, adjust, bluetooth, set, wait, simple, turn, bluetooth, devise, make, identify, pair, devise, name, qy, read, get, devise, namebr, br, result, opinion, well, let, state, front, know, something, sound, sound, come, bud, bass, force, reduce, volume, distortion, damn, theyre, loud, bit, tinny, music, rock, age, jazz, genre, bud, disappoint, purchase, listen, stream, video, tv, ipad, im, expert, theater, sound, qualitybr, br, guess, ive, make, choice, research, review, amazon, help, video, youtube, look, cnet, check, review, come, conclusionbr, br, purchase, bud, receive, payment, assistant, giveaway, promotione, charger, use, make, difference, apple, product, quick, charger, use, connect, computer, usb, port, pair, simple, press, ear, bud, second, wait, blue, light, turn, audio, devise, adjust, bluetooth, set, wait, simple, turn, bluetooth, devise, make, identify, pair, devise, name, qy, read, get, devise, namebr, br, result, opinion, well, let, state, front, know, something, sound, sound, come, bud, bass, force, reduce, volume, distortion, damn, theyre, loud, bit, tinny, music, rock, age, jazz, genre, bud, disappoint, purchase, listen, stream, video, tv, ipad, im, expert, theater, sound, qualitybr, br, guess, ive, make, choice, research, review, amazon, help, video, youtube, look, cnet, check, review, come, conclusionbr, br, purchase, bud, receive, payment, assistant, giveaway, promotion], [bluetooth, headphone, cheap, look, nice], [headphone, looking, past, year, buy, run, find, fall, problem, consist, left, ear, reason, fit, chew, gum, shift, movement, run, cause, annoy, interference, sound, piece, advice, take, time, error, ear, piece, cord, clip, activity, buy, end, worth, minutebr, br, battery, problem, start, give, charge, use, keep, use, battery, drain, repeat, process, twice, continue, month, use, sell, work, verizon, find, drain, cycling, battery, way, increase, battery, work], [sound, usage, get, hour, battery, life], [charge, hr, gym, session, charge, need, midhigh, volumebr, br, sound, quality, excellent], [buy, mom, theyre, great, love], [quality, sound, design], [got, use, build, quality, good, bass, app, bass, level, surpasses, beat, headphonesbr, br, update, purchase, product, broke, headphone, go, dollar, headphone, skip, replay, quality, noise, cancellation, enhances, sound], [fall, bit, guess, havent, put, propper, thing, ear]]:[[use earbuds run travel fine purpose theyre decent battery life sound quality downsidesannoyances ear bud isnt synchronize notice music problem intend watch video gain access charge port pain way work use tweezer remove coverbr br main earbuds jaybird bud dont hit level quality performance fraction cost work worry lose breaking road, 0.6249, 5], [buy wife ear try replacement bud felt clunky ear wife ft tall petite seem fine guybr br look sleek nice cant speak quality performance pair go return today, 0.8316, 5], [wireless earbuds enjoy consider order pair different color thank amazon, 0.0183, 5], [battery work run come case store, 0.8805, 5], [work, 0.8591, 3], [sound price, 0.7845, 5], [pair great sound excellent complaint battery life hour price performance cant beat em, 0.5106, 4], [sound quality worse apple ear plug come iphone br money waste use, -0.743, 1], [review review add anything order ear bud lot research saw cnet view video describe review check amazon review find lot happy user budsbr br soundpeats qy ear budsbr br arrive couple day neglect send order correct resent dont comment packaging thing notice package represent quality heavy duty box great graphic design seal prove beware list include item side read review bud arent create come goodiesbr br open box find carry case instruction sheet dad say read twice sheet informative follow understand day cant figure lot review amazon complain figure work bud bud charging flap bud charge thing explain institution sheetsbr br case ahhhhhh yes case research see lot add review price include case make let shell case case doesnt anything improve sound quality know packaging case sense make product consciousness manufacturingbr br open zipper case inside find ear bud usb charge extra ear insert bunch piece use hold guy ear read kind review bud fall ear exercise activity dont problem handicap understand look ear extension think experimentation problem eliminate sure clip attache bud shirt something secure cord help reduce movement hollow wind tunnel affect cord make majority bluetooth bud earphone problem expert dont hold fact far ear insert size insert instal fit ear way know difficult replace insert know bud replacement insert cause problem handicap parkinson cause tremor hand arm someone done reportbr br set listening read instruction twice dad tell difficulty charge difficult problem cap cover mini usb connection bud fit hand tremor charging port cover friend use emory cloth scruff tab make push friend suggest pin hole piece tape im sure average person average size finger nail difficulty charge snap end standar usb charger use apple iphone charger mini end bud red come charge red light turn idea length charge time chafe red went less half hour time didnt watch read type charger use make difference apple product quick charger use connect computer usb port pair simple press ear bud second wait blue light turn audio devise adjust bluetooth set wait simple turn bluetooth devise make identify pair devise name qy read get devise namebr br result opinion well let state front know something sound sound come bud bass force reduce volume distortion damn theyre loud bit tinny music rock age jazz genre bud disappoint purchase listen stream video tv ipad im expert theater sound qualitybr br guess ive make choice research review amazon help video youtube look cnet check review come conclusionbr br purchase bud receive payment assistant giveaway promotione charger use make difference apple product quick charger use connect computer usb port pair simple press ear bud second wait blue light turn audio devise adjust bluetooth set wait simple turn bluetooth devise make identify pair devise name qy read get devise namebr br result opinion well let state front know something sound sound come bud bass force reduce volume distortion damn theyre loud bit tinny music rock age jazz genre bud disappoint purchase listen stream video tv ipad im expert theater sound qualitybr br guess ive make choice research review amazon help video youtube look cnet check review come conclusionbr br purchase bud receive payment assistant giveaway promotion, 0.9986, 5], [bluetooth headphone cheap look nice, 0.9099, 5], [headphone looking past year buy run find fall problem consist left ear reason fit chew gum shift movement run cause annoy interference sound piece advice take time error ear piece cord clip activity buy end worth minutebr br battery problem start give charge use keep use battery drain repeat process twice continue month use sell work verizon find drain cycling battery way increase battery work, 0.5719, 4], [sound usage get hour battery life, -0.9452, 3], [charge hr gym session charge need midhigh volumebr br sound quality excellent, 0.7351, 5], [buy mom theyre great love, 0.875, 4], [quality sound design, 0.7906, 5], [got use build quality good bass app bass level surpasses beat headphonesbr br update purchase product broke headphone go dollar headphone skip replay quality noise cancellation enhances sound, 0.875, 5], [fall bit guess havent put propper thing ear, 0.5714, 5]]
B00SV55V9G:[-0.4215, -0.128]:[1, 2]:[[broke, day], [cheap, seam, arm, band, portion, tore, fit, hard, manage, answer, phone, change, selection, phone, fit, case, naked, ie, phone, cover, otter, box, phone]]:[[broke day, -0.4215, 1], [cheap seam arm band portion tore fit hard manage answer phone change selection phone fit case naked ie phone cover otter box phone, -0.128, 2]]
B00T1AB28Y:[0.9612]:[5]:[[delivery, quick, installation, super, quick, easy, install, phillips, take, minutes, side, max, fit, perfect, mount, depth, issue, fit, alpine, type, r, thing, harness, supply, clip, stock, jeep, harnessbr, br, include, photo, stock, v, type, r, use, component, mount, tweeter, use, custom, bracket, company, call, nalinmfg]]:[[delivery quick installation super quick easy install phillips take minutes side max fit perfect mount depth issue fit alpine type r thing harness supply clip stock jeep harnessbr br include photo stock v type r use component mount tweeter use custom bracket company call nalinmfg, 0.9612, 5]]
B00THGHFE2:[0.4215, -0.81]:[5, 2]:[[nice], [look, seems, phone, charge, dead, dog, charge, phone, time, charge, ]]:[[nice, 0.4215, 5], [look seems phone charge dead dog charge phone time charge , -0.81, 2]]
B00TRN1UH8:[0.9732]:[5]:[[get, case, galaxy, impress, put, button, fit, feel, hand, stylish, case]]:[[get case galaxy impress put button fit feel hand stylish case, 0.9732, 5]]
B00TUEZ5IO:[-0.34]:[1]:[[stay, cd, player]]:[[stay cd player, -0.34, 1]]
B00TYP4PA8:[0.0]:[1]:[[bulky, come, open, middle]]:[[bulky come open middle, 0.0, 1]]
B00U6E0ON8:[-0.4215]:[1]:[[wasnt, expect, ill, throw]]:[[wasnt expect ill throw, -0.4215, 1]]
B00U8SDS44:[0.8402, 0.807, 0.7569, -0.2642, 0.9282, -0.3926]:[2, 5, 4, 1, 2, 3]:[[case, fall, apart, design, keep, phone, safe, damage, design, look, design, need, improvement, come, apart, piece], [like, way, look, broke, week], [looking, protection, princess, life], [garbage, dont, waste, ur, money, disappoint], [love, look, elegant, material, problem, iphone, loses, instal], [hope, case, elegant, everything, want, iphone, represent, havent, case, month, scratch, tend, baby, phone, hasnt, bag, thrown, hand, scratch, come, break, heat, look, stay, longer]]:[[case fall apart design keep phone safe damage design look design need improvement come apart piece, 0.8402, 2], [like way look broke week, 0.807, 5], [looking protection princess life, 0.7569, 4], [garbage dont waste ur money disappoint, -0.2642, 1], [love look elegant material problem iphone loses instal, 0.9282, 2], [hope case elegant everything want iphone represent havent case month scratch tend baby phone hasnt bag thrown hand scratch come break heat look stay longer, -0.3926, 3]]
B00UADE7IS:[0.0]:[5]:[[work, describe]]:[[work describe, 0.0, 5]]
B00UGDULJG:[-0.2755]:[1]:[[fit, galaxy]]:[[fit galaxy, -0.2755, 1]]
B00UKO0I2Q:[0.6249, 0.6361]:[5, 1]:[[casegreat, price], [im, surprise, review, case, month, case, fall, apart, paint, start, peel, week, usebr, im, find, flake, paint, hand, clothesbr, build, button, lock, screen, fell, case, turn, screen, case]]:[[casegreat price, 0.6249, 5], [im surprise review case month case fall apart paint start peel week usebr im find flake paint hand clothesbr build button lock screen fell case turn screen case, 0.6361, 1]]
B00UMTUL0I:[-0.1027]:[1]:[[work, day, time, connect]]:[[work day time connect, -0.1027, 1]]
B00UPR4JOG:[-0.7645]:[2]:[[disappoint, buy, saw, case, put, use, exact, supplier, last, month, phone, get, steal, know]]:[[disappoint buy saw case put use exact supplier last month phone get steal know, -0.7645, 2]]
B00V2GXO2C:[0.9485, 0.9153]:[5, 5]:[[case, great, install, everything, line, plug, charge, headphone, case, case, front, covercase, otterbox, half, price, quality, look], [get, grandson, perfect, easy, put, love, color, thank, ]]:[[case great install everything line plug charge headphone case case front covercase otterbox half price quality look, 0.9485, 5], [get grandson perfect easy put love color thank , 0.9153, 5]]
B00V4SQHS6:[0.2263]:[4]:[[nice, glass, feel, doesnt, cover, watch, screen]]:[[nice glass feel doesnt cover watch screen, 0.2263, 4]]
B00VFAAMYI:[-0.7178]:[1]:[[disappoint, price, case, way, product, bluetooth, remote, doesnt, work, upset]]:[[disappoint price case way product bluetooth remote doesnt work upset, -0.7178, 1]]
B00VKSUQPA:[0.7845]:[5]:[[son, desperate, case, replace, phone, dropping, sans, case, wouldnt, let, take, phone, case, arrive, describe, fit, note, nee, put, case, snap, case, thanks, deliver]]:[[son desperate case replace phone dropping sans case wouldnt let take phone case arrive describe fit note nee put case snap case thanks deliver, 0.7845, 5]]
B00VM2271U:[0.9245]:[5]:[[want, case, nice, design, iphone, browse, hour, decide, buy, surprise, product, day, earlier, schedule, say, case, lot, nicer, expect, bebr, recommend]]:[[want case nice design iphone browse hour decide buy surprise product day earlier schedule say case lot nicer expect bebr recommend, 0.9245, 5]]
B00VN6EB1E:[0.9451]:[5]:[[case, awesome, pick, shade, picture, feel, hand, rubber, wrap, front, fit, card, debit, school, id, feel, cool, know, dont, carry, wallet, go, gym]]:[[case awesome pick shade picture feel hand rubber wrap front fit card debit school id feel cool know dont carry wallet go gym, 0.9451, 5]]
B00VRA093A:[0.9568, 0.8173]:[5, 5]:[[wow, fast, ship, screen, protector, apply, air, bubble, clean, screen, alcohol, pad, provide, cloth, provide, use, sticker, apply, screen, simple], [write, review, impress, nd, temper, glass, purchase, one, well, everyway, amaze, difference, money]]:[[wow fast ship screen protector apply air bubble clean screen alcohol pad provide cloth provide use sticker apply screen simple, 0.9568, 5], [write review impress nd temper glass purchase one well everyway amaze difference money, 0.8173, 5]]
B00VY3XERI:[0.9039, 0.4215, 0.8553, 0.9231, 0.3182, 0.8122, 0.7906, 0.8173, -0.1531]:[5, 4, 5, 5, 2, 5, 5, 5, 5]:[[buy, wife, love, case, add, bulk, phone, case, darn, breakproof, pleasant, surprise, see, fitment, nice, clear, screen, protection, include, seem, wellmade, wife, doesnt, use, shatter, phone, worry, shell, time, unless, course, take, case], [productwell, make, impress, holster], [case, phone, doesnt, phone, option, doenst, extra, weight, thing, cant, use, stand], [case, love, enclose, builtin, screen, protector, problem, sensitivity, anything, screen, month, use, protects, look, case], [fit, great, look, fast, delivery, service], [phone, heat, harging, case, turn, phone, lock, phone, take, case, phone, apart, cool], [case, rugged, holster, hold, phone, face, towards, body, eliminates, bang, face, thing, screen, protector, build, need, remove, put, phone, peel, case, bunch, edge, make, use, screen, side, flaw, recommend, buy, protection, drop, test], [like, size, fit, lg, g, didnt, use, plaaning, use, travel, see, water], [nice, sturdy, product, get, smart, phone, worry, drop, got, case, grip, case, color, blue, men, woman]]:[[buy wife love case add bulk phone case darn breakproof pleasant surprise see fitment nice clear screen protection include seem wellmade wife doesnt use shatter phone worry shell time unless course take case, 0.9039, 5], [productwell make impress holster, 0.4215, 4], [case phone doesnt phone option doenst extra weight thing cant use stand, 0.8553, 5], [case love enclose builtin screen protector problem sensitivity anything screen month use protects look case, 0.9231, 5], [fit great look fast delivery service, 0.3182, 2], [phone heat harging case turn phone lock phone take case phone apart cool, 0.8122, 5], [case rugged holster hold phone face towards body eliminates bang face thing screen protector build need remove put phone peel case bunch edge make use screen side flaw recommend buy protection drop test, 0.7906, 5], [like size fit lg g didnt use plaaning use travel see water, 0.8173, 5], [nice sturdy product get smart phone worry drop got case grip case color blue men woman, -0.1531, 5]]
B00W300UFK:[-0.6862]:[1]:[[go, month, wait, watch, excite, get, come, money, piss, product]]:[[go month wait watch excite get come money piss product, -0.6862, 1]]
B00W460QXO:[-0.3716]:[1]:[[worst, battery, ive, buy, week, use, get, hour, charge, hour, use, keep, location, service, data, wifi, use, phone, battery, drain]]:[[worst battery ive buy week use get hour charge hour use keep location service data wifi use phone battery drain, -0.3716, 1]]
B00WBXHDS6:[0.8268]:[5]:[[excellent, quality, purchase]]:[[excellent quality purchase, 0.8268, 5]]
B00WEBK1CU:[0.0]:[1]:[[case, week, start, crack, breaking, buy]]:[[case week start crack breaking buy, 0.0, 1]]
B00WH7CIKO:[-0.4767]:[5]:[[water, test, minute, instruct, direction, everything, work, describe, anything, go]]:[[water test minute instruct direction everything work describe anything go, -0.4767, 5]]
B00WIWQDO0:[-0.3612]:[5]:[[hit, hard, get, inch, sub]]:[[hit hard get inch sub, -0.3612, 5]]
B00WK7CJGE:[0.3612]:[5]:[[promise]]:[[promise, 0.3612, 5]]
B00WQICXVI:[0.7397]:[2]:[[product, work, receive, get, blue, tooth, connection, multiple, device, get, sd, card, read, contact, seller, quick, refund, money, deal]]:[[product work receive get blue tooth connection multiple device get sd card read contact seller quick refund money deal, 0.7397, 2]]
B00WU2EAM0:[0.0]:[1]:[[dont, buy]]:[[dont buy, 0.0, 1]]
B00X61TX0I:[0.8074]:[5]:[[description, product, accurate, quality, good, safe, tight, fit, deliver, day, schedule]]:[[description product accurate quality good safe tight fit deliver day schedule, 0.8074, 5]]
B00X778M9E:[-0.659]:[1]:[[look, blingy, fact, sticker, stick, plain, plastic, case, disappoint]]:[[look blingy fact sticker stick plain plastic case disappoint, -0.659, 1]]
B00X9ITRD6:[0.7964]:[5]:[[case, keep, phone, safe, remind, love, paris]]:[[case keep phone safe remind love paris, 0.7964, 5]]
B00XDRBFEM:[-0.4588]:[2]:[[work, charge, stop, work, dissapointed]]:[[work charge stop work dissapointed, -0.4588, 2]]
B00XIATS5M:[0.9371, 0.6369]:[5, 4]:[[say, receive, product, day, love, price, amaze, thanks], [come, time, love]]:[[say receive product day love price amaze thanks, 0.9371, 5], [come time love, 0.6369, 4]]
B00XVM52ZM:[0.0, 0.6249, 0.928, 0.0]:[1, 2, 3, 1]:[[bluetooth, range, weaker, others, ive, keep, phone, pocket, avoid, issue, sound, quality, ok, better, cheap, samsung, oem, earphone, sell, amazon, produce, well, quality, sound, theyre, advise, speak, people, hearing, speak, pros, device, sane, time, phone, laptopalbeit, work, price, glad, disaster, battery, life, better, price], [couldnt, get, charge, need, refund, info], [dont, phone, close, ear, piece, music, fade, forward, rewind, button, work, sometime, sound, quality, great], [use, try, charge, wont, charge, turn]]:[[bluetooth range weaker others ive keep phone pocket avoid issue sound quality ok better cheap samsung oem earphone sell amazon produce well quality sound theyre advise speak people hearing speak pros device sane time phone laptopalbeit work price glad disaster battery life better price, 0.0, 1], [couldnt get charge need refund info, 0.6249, 2], [dont phone close ear piece music fade forward rewind button work sometime sound quality great, 0.928, 3], [use try charge wont charge turn, 0.0, 1]]
B00XWDJQ7U:[0.6124, -0.1027, 0.4404, -0.5859]:[4, 3, 5, 3]:[[tape, hard, remove, plastic, stick], [say, anti, matter, try, get, bubble], [apply], [work, seem, get, bubble, matter, try, work, deal, price]]:[[tape hard remove plastic stick, 0.6124, 4], [say anti matter try get bubble, -0.1027, 3], [apply, 0.4404, 5], [work seem get bubble matter try work deal price, -0.5859, 3]]
B00XXNHJZK:[0.9438, 0.9677, 0.8192, 0.4404]:[5, 5, 4, 5]:[[product, work, bigger, phone, seem, perfect, take, phone, hike, want, save, power, charge, home, awesome, product, thank], [work, wellbr, br, better, attachment, point, carabinerbr, br, try, weather, proofing, stress, test, recharge, capability, charge, device, port], [charger, get, chance, test, yesterday, power, age, wind, storm, pacific, northwest, mean, weather, sun, break, weather, term, int, pnw, keep, ipads, iphones, charge, day, device, speak, longevity, tit, great, take, hiking, trip, trip, matter], [describe, product]]:[[product work bigger phone seem perfect take phone hike want save power charge home awesome product thank, 0.9438, 5], [work wellbr br better attachment point carabinerbr br try weather proofing stress test recharge capability charge device port, 0.9677, 5], [charger get chance test yesterday power age wind storm pacific northwest mean weather sun break weather term int pnw keep ipads iphones charge day device speak longevity tit great take hiking trip trip matter, 0.8192, 4], [describe product, 0.4404, 5]]
B00Y0N2038:[-0.4404]:[1]:[[receive, damage, screen, return, bought]]:[[receive damage screen return bought, -0.4404, 1]]
B00Y1OZ2ZE:[0.8591]:[5]:[[take, apart, need, phone, deliver, love]]:[[take apart need phone deliver love, 0.8591, 5]]
B00YF5Z14Q:[0.5106]:[5]:[[cardboard, work, fun, tinker]]:[[cardboard work fun tinker, 0.5106, 5]]
B00YKS4E9G:[-0.7096]:[1]:[[product, broke, day, buy]]:[[product broke day buy, -0.7096, 1]]
B00YO5XBQW:[0.7351, 0.9639, 0.861, 0.9038, 0.9565]:[5, 5, 5, 5, 5]:[[receive, case, today, day, suppose, deliver, im, excite, fit, look, daughter, love, sparkle, love, bag, come, beach, vists, vacation], [product, describe, fit, snug, phone, shipping, fast], [phone, case, fit, phone, recommend, case, everyone], [help, keep, phone, hand, im, walk], [case, awesome, phone, support, look, youre, look, case, thats, budget, case, day, order, order, company]]:[[receive case today day suppose deliver im excite fit look daughter love sparkle love bag come beach vists vacation, 0.7351, 5], [product describe fit snug phone shipping fast, 0.9639, 5], [phone case fit phone recommend case everyone, 0.861, 5], [help keep phone hand im walk, 0.9038, 5], [case awesome phone support look youre look case thats budget case day order order company, 0.9565, 5]]
B00YOZOL4S:[0.6378, 0.9871, 0.8758, 0.9072, 0.9753, 0.8316, 0.8989]:[5, 5, 5, 2, 5, 5, 5]:[[color, person, love, arrive, day, schedule, awesome, edit, own, case, month, phone, fall, crack, damage, love, way, case, build, wish, case, choose, owl, case, change, skin, case, buy, otter, box, love], [get, case, life, direction, help, husband, second, he, experience, type, case, past, heart, rate, monitor, selfie, sensor, flash, use, case, cover, star, rating, super, cute, havent, drop, say, case, protect, phone], [get, gift, love, galaxy, perfect, arrive, time, everything, happy, product, seller, thanks], [case, phone, otter, box, bulky, didnt, service, superb, cost], [perfect, case, fit], [case, cute, shipping, fast, phone, drop, phone, day, put, case, nothing, happen], [case, phone, owl, design, look, phone, agree, review, say, get, didnt, problem, get, phone, try, take, case, phone, think, put, way, get, try, use, pen, didnt, work, reading, review, scissors, try, think, case, keep, phone, safe, get, phone, recommend, caution]]:[[color person love arrive day schedule awesome edit own case month phone fall crack damage love way case build wish case choose owl case change skin case buy otter box love, 0.6378, 5], [get case life direction help husband second he experience type case past heart rate monitor selfie sensor flash use case cover star rating super cute havent drop say case protect phone, 0.9871, 5], [get gift love galaxy perfect arrive time everything happy product seller thanks, 0.8758, 5], [case phone otter box bulky didnt service superb cost, 0.9072, 2], [perfect case fit, 0.9753, 5], [case cute shipping fast phone drop phone day put case nothing happen, 0.8316, 5], [case phone owl design look phone agree review say get didnt problem get phone try take case phone think put way get try use pen didnt work reading review scissors try think case keep phone safe get phone recommend caution, 0.8989, 5]]
B00Z9PVGZO:[0.0, -0.0763, -0.5577, 0.0, 0.0]:[1, 1, 1, 1, 2]:[[adapter, provide, charge, audio, functionality, audio, functionality, work, black, adapter], [work, expect], [excite, item, discover, doesnt, play, music, ihome, ihome, size, charger, phone, cord, make, show, phone, headphone, ihome, kind, charge, ipod, hook, cord, charge, phone, impress], [work], [purchase, iphone, connector, work, work, mm, plug, call, amazon, replacement, refund, go, message, say, phone, cable, authorize, workbr, br, poor, quality, guess, get, price]]:[[adapter provide charge audio functionality audio functionality work black adapter, 0.0, 1], [work expect, -0.0763, 1], [excite item discover doesnt play music ihome ihome size charger phone cord make show phone headphone ihome kind charge ipod hook cord charge phone impress, -0.5577, 1], [work, 0.0, 1], [purchase iphone connector work work mm plug call amazon replacement refund go message say phone cable authorize workbr br poor quality guess get price, 0.0, 2]]
B00ZCITEQ6:[0.6369]:[5]:[[buy, year, kid, love, use, computer, android, phone]]:[[buy year kid love use computer android phone, 0.6369, 5]]
B00ZKKPNKM:[0.3612, 0.5691, 0.6369, 0.9022, 0.3912]:[2, 5, 5, 5, 3]:[[case, month, love, fit, galaxy, card, holder, hold, card, get, stuck, perfect, driver, license, debit, card, quick, trip], [case], [slide, return], [love, case, sturdy, reason, give, star, reason, order, item, hide, compartment, hide, credit, cardidmoney, matter, try, compartment, min, finger, raw, order], [case, use, everyday, buy, trip, work, need, wallet, get, card, thats, bite, nail, nothing, lift, card, hold, card, bill, card, nothing, need, debit, card, recommed, case, slide, part, fine, ive, figure, buy, case, iphone, slide, part, loose, team, jump, response, snd, work]]:[[case month love fit galaxy card holder hold card get stuck perfect driver license debit card quick trip, 0.3612, 2], [case, 0.5691, 5], [slide return, 0.6369, 5], [love case sturdy reason give star reason order item hide compartment hide credit cardidmoney matter try compartment min finger raw order, 0.9022, 5], [case use everyday buy trip work need wallet get card thats bite nail nothing lift card hold card bill card nothing need debit card recommed case slide part fine ive figure buy case iphone slide part loose team jump response snd work, 0.3912, 3]]
B00ZUCAC4M:[0.9314, -0.09]:[2, 1]:[[watch, doesnt, work, try, micro, sim, card, work, fine, phone, watch, app, keep, say, watch, offline], [prosbr, interest, device, great, school, age, kid, allow, carry, cell, phone, school, playing, immediate, adult, supervisionbr, gps, live, track, software, accuratebr, call, cell, phonebr, download, app, super, easybr, device, usage, simple, kidsbr, consbr, product, description, speak, impact, durability, sweat, water, resistance, temperature, extreme, limitation, purchase, product, school, age, childrenbr, battery, come, connect, dont, disconnect, battery, remove, battery, packaging, difficult, reconnectbr, use, caution, remove, battery, packaging, contain, imei, id, number, need, activate, sim, cardbr, set, time, chore, est, zone, folk, need, time, zone, application, setup, info, directionsbr, direction, trial, error, phone, softwarebr, charger, micro, usb, v, repeat, charger, micro, usb, v, connection, try, find, call]]:[[watch doesnt work try micro sim card work fine phone watch app keep say watch offline, 0.9314, 2], [prosbr interest device great school age kid allow carry cell phone school playing immediate adult supervisionbr gps live track software accuratebr call cell phonebr download app super easybr device usage simple kidsbr consbr product description speak impact durability sweat water resistance temperature extreme limitation purchase product school age childrenbr battery come connect dont disconnect battery remove battery packaging difficult reconnectbr use caution remove battery packaging contain imei id number need activate sim cardbr set time chore est zone folk need time zone application setup info directionsbr direction trial error phone softwarebr charger micro usb v repeat charger micro usb v connection try find call, -0.09, 1]]
B00ZZ72VI2:[0.714]:[4]:[[look, nice, dont, think, protect, give, grip, phoneand, reduce, bulking]]:[[look nice dont think protect give grip phoneand reduce bulking, 0.714, 4]]
B010LXUQNG:[0.9286, 0.0, 0.7778, 0.9694, 0.943]:[5, 5, 5, 5, 5]:[[let, say, starter, thank, god, rubber, grip, case, leave, phone, car, stay, half, mile, ride, turnsbr, great, case, slim, look, take, hit, drop, wider, open, charge, port, accommodate, non, apple, brand, charger], [awesome, fit, phone], [im, lease, iphone, want, protection, case, job, fit, superb, nice, tight, look, slim, bulky, buy, iphone, screen, protector, maxboost, iphone, glass, screen, protector, temper, glass, work, concert, recommend, price], [fit, perfect, everything, suppose]]:[[let say starter thank god rubber grip case leave phone car stay half mile ride turnsbr great case slim look take hit drop wider open charge port accommodate non apple brand charger, 0.9286, 5], [awesome fit phone, 0.0, 5], [im lease iphone want protection case job fit superb nice tight look slim bulky buy iphone screen protector maxboost iphone glass screen protector temper glass work concert recommend price, 0.7778, 5], [fit perfect everything suppose, 0.9694, 5], [, 0.943, 5]]
B010P2BPS8:[0.4215]:[3]:[[ok, spare, extra, powermy, factory, battery, life, well, battery]]:[[ok spare extra powermy factory battery life well battery, 0.4215, 3]]
B010Q2LEA6:[-0.296]:[1]:[[instruction, didnt, stick]]:[[instruction didnt stick, -0.296, 1]]
B010WM6464:[0.765]:[5]:[[work, sound, thx]]:[[work sound thx, 0.765, 5]]
B011163ZCG:[0.4215]:[5]:[[nice, ]]:[[nice , 0.4215, 5]]
B011BOQRGY:[0.6249]:[5]:[[quality, reminds, tiffany, co]]:[[quality reminds tiffany co, 0.6249, 5]]
B011E12XN0:[0.5719, 0.2732]:[5, 5]:[[perfect, size], [work, adverstized, seems, make]]:[[perfect size, 0.5719, 5], [work adverstized seems make, 0.2732, 5]]
B011LJA1PW:[0.9617]:[5]:[[nice, need, install, glass, clear, iphone, work, reccomend, deal]]:[[nice need install glass clear iphone work reccomend deal, 0.9617, 5]]
B011W4LM1S:[0.9201]:[5]:[[perfect, case, fit]]:[[perfect case fit, 0.9201, 5]]
B011XMY11W:[0.6249]:[4]:[[case, great, phone, stylo, stick]]:[[case great phone stylo stick, 0.6249, 4]]
B0120QDZEY:[0.0, 0.0]:[5, 4]:[[description, hold, word], [dark]]:[[description hold word, 0.0, 5], [dark, 0.0, 4]]
B012ABMW1Q:[-0.6597]:[1]:[[star, reason, put, bc, thing, wont, let, submit, rate, expect, expect, case, look, photo, receive, piece, felt, paper, flimsy, cheap, metal, wannabe, piece, attach, side, waste, smh, oughta, b, ashamed]]:[[star reason put bc thing wont let submit rate expect expect case look photo receive piece felt paper flimsy cheap metal wannabe piece attach side waste smh oughta b ashamed, -0.6597, 1]]
B012AJ8JQU:[0.8718]:[5]:[[prob, vofolen, replace, case, prob, recommend, case, trip]]:[[prob vofolen replace case prob recommend case trip, 0.8718, 5]]
B012DVY0TU:[0.8398]:[5]:[[cant, recommend, watch, tool, help, use, receive, say, something, heavy, expection, look, anodize, aluminum, cost, price, customer, service, nice, nice, seller, buy]]:[[cant recommend watch tool help use receive say something heavy expection look anodize aluminum cost price customer service nice nice seller buy, 0.8398, 5]]
B0132K26U6:[0.743]:[5]:[[cable, make, charge, phone, battery]]:[[cable make charge phone battery, 0.743, 5]]
